size;Bcsr bloc 2;Bcsr bloc 4;Bcsr bloc 8;Bcsr bloc 16;Bcsr bloc 8 align
2;22.2169;18.1854;15.7236;14.0131;33.9572
3;20.2395;37.3546;29.0889;21.5728;39.2023
4;33.9991;55.6379;50.2716;33.1624;62.1515
5;32.1503;41.214;58.9539;37.0982;51.0231
6;46.7091;52.7261;66.6785;46.9361;58.2993
7;42.1928;65.2595;80.0249;51.1132;61.5444
8;55.3951;79.1549;92.5993;58.9948;94.6815
9;51.9055;56.8489;51.9055;64.6427;63.6779
10;60.0654;69.4798;62.5156;68.3003;67.4127
11;55.808;71.6541;65.1724;74.9546;70.2499
12;59.479;83.7984;68.85;85.9785;86.8256
13;61.335;69.5638;76.1889;84.3262;72.3361
14;65.2878;77.1321;90.1647;81.2043;77.9006
15;61.3982;73.7455;93.381;93.1117;73.9492
16;76.9275;93.8889;101.0438;109.032;100.708
17;61.24;73.77;72.07;61.50;72.17
20;73.59;86.59;87.65;73.71;81.65
23;64.04;82.46;90.81;79.45;81.19
24;80.8209;95.5839;99.272;84.1243;101.725
25;72.47;77.95;76.01;84.44;81.37
28;68.33;90.36;88.52;95.51;88.55
31;69.67;82.1494;86.83;98.59;79.23
32;88.4945;94.1941;102.159;99.7176;107.912
