size;Bcsr bloc 2;Bcsr bloc 4;Bcsr bloc 8;Bcsr bloc 16
2;22.4777;35.6126;33.9572;23.5954
3;26.3934;42.3275;39.2023;24.8465
4;33.8325;55.5261;62.1515;42.1292
5;39.5318;54.6199;51.0231;40.2058
6;44.7613;60.8933;58.2993;48.7471
7;46.9655;62.6327;61.5444;46.7738
8;54.8;81.7662;94.6815;66.8038
9;55.4445;64.792;63.6779;53.8575
10;58.1534;65.0097;67.4127;62.104
11;59.5613;69.1705;70.2499;56.6356
12;63.3255;83.9314;86.8256;71.1353
13;60.5393;69.3055;72.3361;62.8494
14;64.5394;72.073;77.9006;68.9006
15;63.2603;70.6711;73.9492;66.6923
16;76.4762;94.8772;100.708;100.248
17;65.28;78.11;72.17;66.24
20;72.24;83.80;81.65;75.15
23;64.09;79.39;81.19;74.12
24;82.6602;98.7955;101.725;88.3296
25;69.56;77.41;81.37;74.68
28;73.27;83.53;88.55;76.06
31;68.50;77.10;79.23;71.53
32;88.7772;103.1619;107.912;105.056
